1e-05 42.144459270373645 41.798686554983924
0.1 45.882253701008445 45.2984558154553
0.2 50.03298764953252 49.74780799786251
0.3 54.51534727314968 54.05283839962381
0.4 59.98511987946212 58.708996641512236
0.41 223.02466968828853 215.312894469079
0.43 148.64437089132616 60.558232049655786
0.44 229.36304159430603 229.17446765457424
0.45000000000000007 231.44176972499264 231.47085764198388
0.45999999999999996 234.63977788843854 234.5833788437916
0.47 235.868057489265 235.8783322576951
0.48000000000000004 237.10508561901872 237.4299949690266
0.49 238.33973123469445 238.34755802275524
0.5000000000000001 238.8261931666708 238.79152348653383
0.51 239.11976746119046 239.0848872264576
0.5200000000000001 241.21844745362793 241.13406578853105
0.5300000000000001 241.3544137191602 241.36233951355342
0.6 245.0559664753875 245.03875728611882
0.7000000000000001 247.30616286484303 247.30327109500104
0.8 249.4480031837009 249.4095066206917
1.0000000000000002 251.7570815662441 251.75387101262908
1.25 253.5663915116144 253.1545081823206
1.5 255.09647306715522 253.64024875738224
1.7500000000000002 255.36721802227996 254.4194072017193
2.0000000000000004 255.31462426747697 254.91058123059324
2.5 255.6676106143727 255.3252839155416
3.0 255.84312771749083 255.6382719455548
4.000000000000001 255.91709867395818 255.83356475265674
5.0 255.9690544472475 255.90132977890772
8.000000000000002 255.97112068826902 255.96660878393698
